<?xml version="1.0" standalone="no"?>
<!DOCTYPE svg PUBLIC "-//W3C//DTD SVG 20010904//EN"
 "http://www.w3.org/TR/2001/REC-SVG-20010904/DTD/svg10.dtd">
<svg version="1.0" xmlns="http://www.w3.org/2000/svg"
 width="512.000000pt" height="512.000000pt" viewBox="0 0 512.000000 512.000000"
 preserveAspectRatio="xMidYMid meet">

<g transform="translate(0.000000,512.000000) scale(0.100000,-0.100000)"
fill="#000000" stroke="none">
<path d="M744 4809 c-18 -20 -19 -46 -24 -443 l-5 -422 -268 -417 -269 -417 4
-153 c3 -146 4 -154 32 -205 130 -235 460 -282 666 -96 l37 33 32 -33 c18 -19
55 -46 83 -61 166 -91 367 -66 508 61 l37 33 32 -33 c18 -19 55 -46 83 -61
166 -91 365 -67 502 59 l39 36 44 -41 c157 -144 421 -143 572 3 l41 39 41 -39
c151 -146 426 -146 575 -1 l40 39 42 -38 c103 -95 262 -134 398 -98 68 18 144
60 184 101 l32 33 60 -48 c88 -71 160 -95 283 -95 92 0 105 3 170 33 169 80
235 200 235 433 l0 86 -265 417 -265 417 0 428 0 428 -23 21 -23 22 -1806 0
-1805 0 -19 -21z m3524 -471 l-3 -343 -1692 -3 -1693 -2 0 345 0 345 1695 0
1695 0 -2 -342z m-3107 -540 c-11 -24 -84 -177 -164 -340 l-146 -298 -220 0
c-122 0 -221 2 -221 5 0 3 95 156 211 340 l212 335 173 0 173 0 -18 -42z m547
25 c-3 -10 -47 -163 -99 -340 l-94 -323 -244 0 c-190 0 -242 3 -238 13 2 6 76
159 163 340 l158 327 179 0 c166 0 179 -1 175 -17z m532 10 c0 -5 -16 -158
-37 -340 l-37 -333 -244 0 -244 0 6 22 c3 13 47 166 98 340 l93 318 183 0
c100 0 182 -3 182 -7z m514 -35 c8 -63 46 -557 46 -601 l0 -37 -240 0 -241 0
6 33 c2 17 18 156 35 307 17 151 33 290 36 308 l5 32 174 0 174 0 5 -42z m626
-285 c35 -181 65 -334 68 -340 3 -10 -49 -13 -242 -13 -139 0 -246 4 -246 9 0
5 -11 150 -25 322 -14 173 -25 322 -25 332 0 16 16 17 203 17 l203 0 64 -327z
m578 -6 c78 -182 142 -336 142 -340 0 -4 -111 -6 -247 -5 l-247 3 -62 315
c-35 173 -63 325 -63 338 -1 22 -1 22 167 22 l167 0 143 -333z m537 16 c110
-174 206 -327 213 -340 l13 -23 -223 0 -223 0 -143 333 c-78 182 -142 335
-142 340 0 4 69 7 153 7 l152 0 200 -317z m-3666 -607 c-4 -76 -7 -88 -34
-123 -91 -114 -289 -129 -394 -30 -48 46 -71 101 -71 175 l0 62 251 0 251 0
-3 -84z m661 14 c0 -109 -37 -168 -135 -211 -100 -44 -230 -22 -304 52 -46 45
-61 86 -61 164 l0 65 250 0 250 0 0 -70z m660 0 c0 -51 -6 -82 -20 -110 -58
-113 -231 -158 -358 -93 -37 18 -67 43 -87 71 -26 38 -30 54 -34 123 l-3 79
251 0 251 0 0 -70z m659 -9 c-4 -69 -8 -85 -34 -123 -96 -135 -334 -135 -430
0 -26 38 -30 54 -34 123 l-3 79 252 0 252 0 -3 -79z m660 0 c-4 -69 -8 -85
-34 -123 -96 -135 -334 -135 -430 0 -26 38 -30 54 -34 123 l-3 79 252 0 252 0
-3 -79z m660 0 c-4 -69 -8 -85 -34 -123 -102 -144 -367 -131 -445 22 -14 28
-20 59 -20 110 l0 70 251 0 251 0 -3 -79z m661 14 c0 -78 -15 -119 -61 -164
-74 -74 -204 -96 -304 -52 -98 43 -135 102 -135 211 l0 70 250 0 250 0 0 -65z"/>
<path d="M761 2424 c-21 -27 -21 -30 -21 -1005 l0 -979 -75 0 c-67 0 -79 -3
-100 -25 -31 -30 -32 -73 -5 -103 l21 -22 1984 0 1984 0 21 27 c16 20 20 36
16 58 -9 47 -39 65 -107 65 l-59 0 0 980 0 981 -25 24 c-29 30 -74 32 -106 6
l-24 -19 -3 -986 -2 -986 -930 0 -930 0 0 794 0 795 -24 28 -24 28 -529 3
c-290 2 -543 0 -561 -3 -18 -3 -42 -15 -53 -26 -18 -18 -19 -40 -19 -819 l0
-800 -145 0 -145 0 0 964 c0 677 -3 972 -11 995 -20 57 -92 71 -128 25z m1479
-1239 l0 -745 -450 0 -450 0 0 745 0 745 450 0 450 0 0 -745z"/>
<path d="M2714 2076 c-17 -8 -34 -21 -38 -31 -3 -9 -6 -261 -6 -560 0 -520 1
-544 19 -566 l19 -24 607 0 607 0 24 28 24 28 0 539 0 539 -24 28 -24 28 -589
2 c-478 2 -594 0 -619 -11z m1096 -436 l0 -290 -260 0 -261 0 -24 -25 c-27
-26 -32 -70 -12 -96 27 -36 52 -39 306 -39 l251 0 0 -70 0 -70 -495 0 -495 0
0 280 0 280 265 0 c252 0 266 1 285 20 12 12 20 33 20 55 0 22 -8 43 -20 55
-19 19 -33 20 -285 20 l-265 0 0 85 0 85 495 0 495 0 0 -290z"/>
<path d="M3515 1735 c-14 -13 -25 -36 -25 -50 0 -14 11 -37 25 -50 20 -21 34
-25 84 -25 52 0 62 3 80 26 28 35 26 69 -4 99 -20 21 -34 25 -80 25 -46 0 -60
-4 -80 -25z"/>
<path d="M2964 1327 c-35 -30 -37 -79 -5 -110 17 -18 33 -22 82 -22 52 0 64 3
80 24 28 35 25 85 -7 110 -38 30 -114 29 -150 -2z"/>
<path d="M115 415 c-32 -31 -33 -74 -2 -103 21 -20 34 -22 125 -22 89 0 105 3
122 20 30 30 27 83 -6 109 -23 18 -41 21 -121 21 -86 0 -96 -2 -118 -25z"/>
<path d="M4766 419 c-33 -26 -36 -79 -6 -109 17 -17 33 -20 123 -20 95 0 105
2 125 23 29 31 28 72 -3 102 -22 23 -32 25 -118 25 -80 0 -98 -3 -121 -21z"/>
</g>
</svg>
